{
	"class_name" : "PoseGraph",
	"edges" : 
	[
		{
			"class_name" : "PoseGraphEdge",
			"confidence" : 1.0,
			"information" : 
			[
				1200.0787950293332,
				-1.3027305523292145,
				-160.77711549143149,
				0.0,
				-967.67011735176379,
				96.924931794040205,
				-1.3027305523292145,
				1303.3815895263272,
				-139.08566638858318,
				967.67011735176379,
				0.0,
				-141.60788126487245,
				-160.77711549143149,
				-139.08566638858318,
				248.56343285444785,
				-96.924931794040205,
				141.60788126487245,
				0.0,
				0.0,
				967.67011735176379,
				-96.924931794040205,
				852.0,
				0.0,
				0.0,
				-967.67011735176379,
				0.0,
				141.60788126487245,
				0.0,
				852.0,
				0.0,
				96.924931794040205,
				-141.60788126487245,
				0.0,
				0.0,
				0.0,
				852.0
			],
			"source_node_id" : 0,
			"target_node_id" : 1,
			"transformation" : 
			[
				0.98776367105211926,
				-0.14960632334878893,
				-0.044055398803017801,
				0.0,
				0.15304984205393063,
				0.98416331802742596,
				0.089433267280726092,
				0.0,
				0.029977925160060665,
				-0.095081604231821465,
				0.99501799608841723,
				0.0,
				0.03724378548845414,
				0.028191350381081431,
				0.031326459886880792,
				1.0
			],
			"uncertain" : false,
			"version_major" : 1,
			"version_minor" : 0
		},
		{
			"class_name" : "PoseGraphEdge",
			"confidence" : 1.0,
			"information" : 
			[
				1550.8574080548772,
				-28.816716765364546,
				-146.52600167395661,
				0.0,
				-1192.1799917904602,
				225.049693347474,
				-28.816716765364546,
				1619.3849828347804,
				-294.66130296087425,
				1192.1799917904602,
				0.0,
				-137.88278348009098,
				-146.52600167395661,
				-294.66130296087425,
				325.84468960019893,
				-225.049693347474,
				137.88278348009098,
				0.0,
				0.0,
				1192.1799917904602,
				-225.049693347474,
				1020.0,
				0.0,
				0.0,
				-1192.1799917904602,
				0.0,
				137.88278348009098,
				0.0,
				1020.0,
				0.0,
				225.049693347474,
				-137.88278348009098,
				0.0,
				0.0,
				0.0,
				1020.0
			],
			"source_node_id" : 0,
			"target_node_id" : 2,
			"transformation" : 
			[
				0.98727285865117809,
				-0.054603044643084367,
				-0.14936803569183105,
				0.0,
				0.048051998489588306,
				0.99773260135945741,
				-0.047123896545680277,
				0.0,
				0.15160246703760277,
				0.039346711427979297,
				0.98765810293234391,
				0.0,
				-0.1235844631850148,
				-0.027340907684915379,
				0.10578649592348288,
				1.0
			],
			"uncertain" : true,
			"version_major" : 1,
			"version_minor" : 0
		},
		{
			"class_name" : "PoseGraphEdge",
			"confidence" : 1.0,
			"information" : 
			[
				1603.1985321157449,
				-36.278400750359999,
				-157.69432824772022,
				0.0,
				-1218.9522054886802,
				213.07589653366759,
				-36.278400750359999,
				1695.6240515965796,
				-285.35025702196225,
				1218.9522054886802,
				0.0,
				-146.74152764753191,
				-157.69432824772022,
				-285.35025702196225,
				329.54966706338746,
				-213.07589653366759,
				146.74152764753191,
				0.0,
				0.0,
				1218.9522054886802,
				-213.07589653366759,
				1023.0,
				0.0,
				0.0,
				-1218.9522054886802,
				0.0,
				146.74152764753191,
				0.0,
				1023.0,
				0.0,
				213.07589653366759,
				-146.74152764753191,
				0.0,
				0.0,
				0.0,
				1023.0
			],
			"source_node_id" : 0,
			"target_node_id" : 3,
			"transformation" : 
			[
				0.99286962339738594,
				0.062446218566425793,
				-0.10154004491572505,
				0.0,
				-0.059231981487891716,
				0.99765236473363916,
				0.034370503493482918,
				0.0,
				0.10344797389872512,
				-0.028111010798824249,
				0.99423754091671523,
				0.0,
				-0.024857825100101469,
				0.023231331567023464,
				0.088469634519686036,
				1.0
			],
			"uncertain" : true,
			"version_major" : 1,
			"version_minor" : 0
		},
		{
			"class_name" : "PoseGraphEdge",
			"confidence" : 1.0,
			"information" : 
			[
				1573.6673841445181,
				-28.372699713976601,
				-173.20591044048987,
				0.0,
				-1205.1644122232672,
				182.5692059413316,
				-28.372699713976601,
				1665.274103187415,
				-249.93934326953229,
				1205.1644122232672,
				0.0,
				-153.7840496907796,
				-173.20591044048987,
				-249.93934326953229,
				307.11945162099295,
				-182.5692059413316,
				153.7840496907796,
				0.0,
				0.0,
				1205.1644122232672,
				-182.5692059413316,
				1012.0,
				0.0,
				0.0,
				-1205.1644122232672,
				0.0,
				153.7840496907796,
				0.0,
				1012.0,
				0.0,
				182.5692059413316,
				-153.7840496907796,
				0.0,
				0.0,
				0.0,
				1012.0
			],
			"source_node_id" : 0,
			"target_node_id" : 4,
			"transformation" : 
			[
				0.99365664477820559,
				-0.0093317809830294751,
				-0.11206868497401401,
				0.0,
				0.011832371436114,
				0.9996951856730053,
				0.021668657743703967,
				0.0,
				0.1118323176649661,
				-0.022857244057425397,
				0.99346418109551449,
				0.0,
				-0.061137055036402217,
				-0.0016638637209770955,
				0.097198202019702418,
				1.0
			],
			"uncertain" : true,
			"version_major" : 1,
			"version_minor" : 0
		},
		{
			"class_name" : "PoseGraphEdge",
			"confidence" : 1.0,
			"information" : 
			[
				1555.0278370115427,
				-50.825498614592199,
				-247.33386067071743,
				0.0,
				-1172.6145794973791,
				195.60838614067779,
				-50.825498614592199,
				1642.6264819736789,
				-266.33068218718694,
				1172.6145794973791,
				0.0,
				-212.80260756062543,
				-247.33386067071743,
				-266.33068218718694,
				307.23897354679445,
				-195.60838614067779,
				212.80260756062543,
				0.0,
				0.0,
				1172.6145794973791,
				-195.60838614067779,
				971.0,
				0.0,
				0.0,
				-1172.6145794973791,
				0.0,
				212.80260756062543,
				0.0,
				971.0,
				0.0,
				195.60838614067779,
				-212.80260756062543,
				0.0,
				0.0,
				0.0,
				971.0
			],
			"source_node_id" : 0,
			"target_node_id" : 5,
			"transformation" : 
			[
				0.98842459988906461,
				-0.016116288427621056,
				-0.15085448479068145,
				0.0,
				0.019973865249675926,
				0.99951020954640191,
				0.024091195891785933,
				0.0,
				0.15039233704259045,
				-0.026825477811705911,
				0.98826238352931484,
				0.0,
				-0.056986665468878192,
				0.037034368416977687,
				0.1331338573310914,
				1.0
			],
			"uncertain" : true,
			"version_major" : 1,
			"version_minor" : 0
		},
		{
			"class_name" : "PoseGraphEdge",
			"confidence" : 1.0,
			"information" : 
			[
				1556.6501509038631,
				-58.5676590427748,
				-266.8378785924005,
				0.0,
				-1167.740412117181,
				205.82722997528495,
				-58.5676590427748,
				1643.5815032377095,
				-278.3066390888016,
				1167.740412117181,
				0.0,
				-225.22401135339001,
				-266.8378785924005,
				-278.3066390888016,
				313.7177843483787,
				-205.82722997528495,
				225.22401135339001,
				0.0,
				0.0,
				1167.740412117181,
				-205.82722997528495,
				963.0,
				0.0,
				0.0,
				-1167.740412117181,
				0.0,
				225.22401135339001,
				0.0,
				963.0,
				0.0,
				205.82722997528495,
				-225.22401135339001,
				0.0,
				0.0,
				0.0,
				963.0
			],
			"source_node_id" : 0,
			"target_node_id" : 6,
			"transformation" : 
			[
				0.99019524465146103,
				0.020445649437997395,
				-0.1381859359294296,
				0.0,
				-0.017739908406280563,
				0.9996265929685757,
				0.020783894721026097,
				0.0,
				0.1385592765547318,
				-0.018128707871672145,
				0.99018820273296182,
				0.0,
				-0.026484079380625164,
				0.031805485769438244,
				0.1405203468270988,
				1.0
			],
			"uncertain" : true,
			"version_major" : 1,
			"version_minor" : 0
		},
		{
			"class_name" : "PoseGraphEdge",
			"confidence" : 1.0,
			"information" : 
			[
				1433.5469847705492,
				-59.079794058497633,
				-287.18166354566966,
				0.0,
				-1088.3751205984925,
				167.8052245226136,
				-59.079794058497633,
				1521.4262904564721,
				-225.62285574565749,
				1088.3751205984925,
				0.0,
				-244.05875707515972,
				-287.18166354566966,
				-225.62285574565749,
				292.3207586290373,
				-167.8052245226136,
				244.05875707515972,
				0.0,
				0.0,
				1088.3751205984925,
				-167.8052245226136,
				905.0,
				0.0,
				0.0,
				-1088.3751205984925,
				0.0,
				244.05875707515972,
				0.0,
				905.0,
				0.0,
				167.8052245226136,
				-244.05875707515972,
				0.0,
				0.0,
				0.0,
				905.0
			],
			"source_node_id" : 0,
			"target_node_id" : 7,
			"transformation" : 
			[
				0.98541986264680714,
				0.010208346748578928,
				-0.16983369500134143,
				0.0,
				-0.013606471370264384,
				0.999729608109583,
				-0.018856685973680565,
				0.0,
				0.16959527775854455,
				0.020892590210900119,
				0.98529231268506401,
				0.0,
				-0.060127542588591432,
				-0.037405662410624409,
				0.15572405751786911,
				1.0
			],
			"uncertain" : true,
			"version_major" : 1,
			"version_minor" : 0
		},
		{
			"class_name" : "PoseGraphEdge",
			"confidence" : 1.0,
			"information" : 
			[
				1187.8002519435372,
				-31.909281809499834,
				-121.88093099424634,
				0.0,
				-918.42357454691114,
				166.24286184045332,
				-31.909281809499834,
				1240.7594399637251,
				-215.92668858309776,
				918.42357454691114,
				0.0,
				-110.28327395534384,
				-121.88093099424634,
				-215.92668858309776,
				247.54886384643018,
				-166.24286184045332,
				110.28327395534384,
				0.0,
				0.0,
				918.42357454691114,
				-166.24286184045332,
				789.0,
				0.0,
				0.0,
				-918.42357454691114,
				0.0,
				110.28327395534384,
				0.0,
				789.0,
				0.0,
				166.24286184045332,
				-110.28327395534384,
				0.0,
				0.0,
				0.0,
				789.0
			],
			"source_node_id" : 1,
			"target_node_id" : 2,
			"transformation" : 
			[
				0.9889122122385624,
				0.12089040714638762,
				-0.086244686476417295,
				0.0,
				-0.12872411590105248,
				0.987410298855669,
				-0.091929340796343961,
				0.0,
				0.074045516210824017,
				0.10201181879438563,
				0.99202361380933657,
				0.0,
				-0.10749419900382905,
				-0.035419692351845215,
				0.061252438697440369,
				1.0
			],
			"uncertain" : false,
			"version_major" : 1,
			"version_minor" : 0
		},
		{
			"class_name" : "PoseGraphEdge",
			"confidence" : 1.0,
			"information" : 
			[
				1733.163868523068,
				-52.434357957758721,
				-158.48147184949764,
				0.0,
				-1293.8650599862713,
				256.03877854425394,
				-52.434357957758721,
				1796.6703341387129,
				-340.1065927314495,
				1293.8650599862713,
				0.0,
				-137.30950188269344,
				-158.48147184949764,
				-340.1065927314495,
				348.34894807292233,
				-256.03877854425394,
				137.30950188269344,
				0.0,
				0.0,
				1293.8650599862713,
				-256.03877854425394,
				1074.0,
				0.0,
				0.0,
				-1293.8650599862713,
				0.0,
				137.30950188269344,
				0.0,
				1074.0,
				0.0,
				256.03877854425394,
				-137.30950188269344,
				0.0,
				0.0,
				0.0,
				1074.0
			],
			"source_node_id" : 1,
			"target_node_id" : 3,
			"transformation" : 
			[
				0.98745665539589167,
				0.15530803785020103,
				-0.028438830733354542,
				0.0,
				-0.15726401482306976,
				0.98348111267078531,
				-0.089626618041537542,
				0.0,
				0.014049318705514985,
				0.092974805183742848,
				0.99556933572953921,
				0.0,
				-0.047686550392471244,
				-0.027464396661858251,
				0.081789599606241881,
				1.0
			],
			"uncertain" : true,
			"version_major" : 1,
			"version_minor" : 0
		},
		{
			"class_name" : "PoseGraphEdge",
			"confidence" : 1.0,
			"information" : 
			[
				1747.8006815741576,
				-56.381620972749765,
				-227.75224395789789,
				0.0,
				-1318.1955193183635,
				226.37754588180596,
				-56.381620972749765,
				1851.6747482422065,
				-305.12441659468442,
				1318.1955193183635,
				0.0,
				-191.17858987989558,
				-227.75224395789789,
				-305.12441659468442,
				354.16433317155315,
				-226.37754588180596,
				191.17858987989558,
				0.0,
				0.0,
				1318.1955193183635,
				-226.37754588180596,
				1093.0,
				0.0,
				0.0,
				-1318.1955193183635,
				0.0,
				191.17858987989558,
				0.0,
				1093.0,
				0.0,
				226.37754588180596,
				-191.17858987989558,
				0.0,
				0.0,
				0.0,
				1093.0
			],
			"source_node_id" : 1,
			"target_node_id" : 4,
			"transformation" : 
			[
				0.98929388555475306,
				0.14166335484801906,
				-0.035058549559026347,
				0.0,
				-0.14181918748493094,
				0.98989058639429428,
				-0.0019862097255099465,
				0.0,
				0.034422755047970433,
				0.0069369201497375133,
				0.99938328636902052,
				0.0,
				-0.023820759099192026,
				0.03445779703354715,
				0.056096394084028001,
				1.0
			],
			"uncertain" : true,
			"version_major" : 1,
			"version_minor" : 0
		},
		{
			"class_name" : "PoseGraphEdge",
			"confidence" : 1.0,
			"information" : 
			[
				1611.5923809063183,
				-66.526359477980179,
				-259.08916736663457,
				0.0,
				-1217.1222847726945,
				194.08612625910058,
				-66.526359477980179,
				1698.5812980201019,
				-262.31171443339974,
				1217.1222847726945,
				0.0,
				-218.90684715872874,
				-259.08916736663457,
				-262.31171443339974,
				316.26252497181548,
				-194.08612625910058,
				218.90684715872874,
				0.0,
				0.0,
				1217.1222847726945,
				-194.08612625910058,
				1008.0,
				0.0,
				0.0,
				-1217.1222847726945,
				0.0,
				218.90684715872874,
				0.0,
				1008.0,
				0.0,
				194.08612625910058,
				-218.90684715872874,
				0.0,
				0.0,
				0.0,
				1008.0
			],
			"source_node_id" : 1,
			"target_node_id" : 5,
			"transformation" : 
			[
				0.97309292260103841,
				0.19755880373701554,
				-0.1185777510740114,
				0.0,
				-0.20205841695623078,
				0.97899885375371642,
				-0.027085798604659705,
				0.0,
				0.11073644441155236,
				0.05031663159343619,
				0.99257527496113773,
				0.0,
				-0.095072650437921777,
				-0.026216562074979403,
				0.10489285936351478,
				1.0
			],
			"uncertain" : true,
			"version_major" : 1,
			"version_minor" : 0
		},
		{
			"class_name" : "PoseGraphEdge",
			"confidence" : 1.0,
			"information" : 
			[
				1531.3123004546205,
				-63.759117576056504,
				-253.69609926089069,
				0.0,
				-1162.5893242579682,
				193.48249738282874,
				-63.759117576056504,
				1602.2077411803475,
				-257.13265535615017,
				1162.5893242579682,
				0.0,
				-212.82474616755459,
				-253.69609926089069,
				-257.13265535615017,
				299.70912763365453,
				-193.48249738282874,
				212.82474616755459,
				0.0,
				0.0,
				1162.5893242579682,
				-193.48249738282874,
				970.0,
				0.0,
				0.0,
				-1162.5893242579682,
				0.0,
				212.82474616755459,
				0.0,
				970.0,
				0.0,
				193.48249738282874,
				-212.82474616755459,
				0.0,
				0.0,
				0.0,
				970.0
			],
			"source_node_id" : 1,
			"target_node_id" : 6,
			"transformation" : 
			[
				0.97500580413046278,
				0.18986772439867394,
				-0.11538600063949922,
				0.0,
				-0.19800444228463843,
				0.97813526923794403,
				-0.06360531352304194,
				0.0,
				0.10078652066352164,
				0.08486249056258266,
				0.99128221760912183,
				0.0,
				-0.091647953185916259,
				-0.048800019523170243,
				0.10021624392046391,
				1.0
			],
			"uncertain" : true,
			"version_major" : 1,
			"version_minor" : 0
		},
		{
			"class_name" : "PoseGraphEdge",
			"confidence" : 1.0,
			"information" : 
			[
				1462.1597640717744,
				-73.788834713974936,
				-311.72236107472173,
				0.0,
				-1119.2166035292078,
				172.93997885745429,
				-73.788834713974936,
				1554.5056741672918,
				-226.52322586177385,
				1119.2166035292078,
				0.0,
				-263.00908976510556,
				-311.72236107472173,
				-226.52322586177385,
				309.31796230191304,
				-172.93997885745429,
				263.00908976510556,
				0.0,
				0.0,
				1119.2166035292078,
				-172.93997885745429,
				939.0,
				0.0,
				0.0,
				-1119.2166035292078,
				0.0,
				263.00908976510556,
				0.0,
				939.0,
				0.0,
				172.93997885745429,
				-263.00908976510556,
				0.0,
				0.0,
				0.0,
				939.0
			],
			"source_node_id" : 1,
			"target_node_id" : 7,
			"transformation" : 
			[
				0.97320881720111152,
				0.17106108581155088,
				-0.15363171236104434,
				0.0,
				-0.19081815069138061,
				0.9736818013889007,
				-0.12462817903984486,
				0.0,
				0.12826937081289089,
				0.15060496195358047,
				0.98023727430975893,
				0.0,
				-0.08361765115853878,
				-0.13225727115082905,
				0.12940656494756375,
				1.0
			],
			"uncertain" : true,
			"version_major" : 1,
			"version_minor" : 0
		},
		{
			"class_name" : "PoseGraphEdge",
			"confidence" : 1.0,
			"information" : 
			[
				1259.4792607637278,
				-19.574319974839746,
				-83.660633956978643,
				0.0,
				-963.74801977239895,
				144.67771263256532,
				-19.574319974839746,
				1315.4284994496111,
				-198.20855677265774,
				963.74801977239895,
				0.0,
				-76.861821980932689,
				-83.660633956978643,
				-198.20855677265774,
				238.15218873014319,
				-144.67771263256532,
				76.861821980932689,
				0.0,
				0.0,
				963.74801977239895,
				-144.67771263256532,
				812.0,
				0.0,
				0.0,
				-963.74801977239895,
				0.0,
				76.861821980932689,
				0.0,
				812.0,
				0.0,
				144.67771263256532,
				-76.861821980932689,
				0.0,
				0.0,
				0.0,
				812.0
			],
			"source_node_id" : 2,
			"target_node_id" : 3,
			"transformation" : 
			[
				0.99838865092751572,
				0.052539485812304228,
				0.021440711968499691,
				0.0,
				-0.053244335686363387,
				0.99801112957220017,
				0.033746495630503047,
				0.0,
				-0.019625045642121201,
				-0.03483371471147427,
				0.99920041528361569,
				0.0,
				0.021771957556432818,
				0.018824137445821135,
				0.014729781680152631,
				1.0
			],
			"uncertain" : false,
			"version_major" : 1,
			"version_minor" : 0
		},
		{
			"class_name" : "PoseGraphEdge",
			"confidence" : 1.0,
			"information" : 
			[
				1687.4143381451936,
				-37.150876309116356,
				-168.95250200792037,
				0.0,
				-1283.3965936836632,
				184.23058450257977,
				-37.150876309116356,
				1779.7726508698761,
				-257.12799337293859,
				1283.3965936836632,
				0.0,
				-142.47766823005364,
				-168.95250200792037,
				-257.12799337293859,
				322.09292524402201,
				-184.23058450257977,
				142.47766823005364,
				0.0,
				0.0,
				1283.3965936836632,
				-184.23058450257977,
				1070.0,
				0.0,
				0.0,
				-1283.3965936836632,
				0.0,
				142.47766823005364,
				0.0,
				1070.0,
				0.0,
				184.23058450257977,
				-142.47766823005364,
				0.0,
				0.0,
				0.0,
				1070.0
			],
			"source_node_id" : 2,
			"target_node_id" : 4,
			"transformation" : 
			[
				0.99790489804152394,
				0.051521330404110138,
				0.039132684269369028,
				0.0,
				-0.053393214647182885,
				0.99739997832042016,
				0.048398841681025706,
				0.0,
				-0.036537365728464576,
				-0.050386860983946402,
				0.99806121312563212,
				0.0,
				0.060876104353815547,
				0.0057368069519760506,
				0.009678168029654266,
				1.0
			],
			"uncertain" : true,
			"version_major" : 1,
			"version_minor" : 0
		},
		{
			"class_name" : "PoseGraphEdge",
			"confidence" : 1.0,
			"information" : 
			[
				1679.2305674608467,
				-49.314763238973896,
				-233.39611446812327,
				0.0,
				-1272.1340654269604,
				174.74042288752403,
				-49.314763238973896,
				1776.9064674890158,
				-242.41174710342804,
				1272.1340654269604,
				0.0,
				-205.43480706076267,
				-233.39611446812327,
				-242.41174710342804,
				330.48351560495274,
				-174.74042288752403,
				205.43480706076267,
				0.0,
				0.0,
				1272.1340654269604,
				-174.74042288752403,
				1056.0,
				0.0,
				0.0,
				-1272.1340654269604,
				0.0,
				205.43480706076267,
				0.0,
				1056.0,
				0.0,
				174.74042288752403,
				-205.43480706076267,
				0.0,
				0.0,
				0.0,
				1056.0
			],
			"source_node_id" : 2,
			"target_node_id" : 5,
			"transformation" : 
			[
				0.99810954668751573,
				0.043167835776735879,
				-0.043747808694769186,
				0.0,
				-0.044246902391754564,
				0.99873219184619133,
				-0.02400459536915367,
				0.0,
				0.042656118435412102,
				0.025894920823493817,
				0.9987541782819076,
				0.0,
				0.023681070260185184,
				-0.089413075503783079,
				0.04264459225717232,
				1.0
			],
			"uncertain" : true,
			"version_major" : 1,
			"version_minor" : 0
		},
		{
			"class_name" : "PoseGraphEdge",
			"confidence" : 1.0,
			"information" : 
			[
				1666.5142064129639,
				-57.263475880455616,
				-269.45559370684941,
				0.0,
				-1255.0444843206183,
				196.11060939725962,
				-57.263475880455616,
				1761.8170029571293,
				-268.4911599584384,
				1255.0444843206183,
				0.0,
				-227.21448865127692,
				-269.45559370684941,
				-268.4911599584384,
				340.1088198403678,
				-196.11060939725962,
				227.21448865127692,
				0.0,
				0.0,
				1255.0444843206183,
				-196.11060939725962,
				1039.0,
				0.0,
				0.0,
				-1255.0444843206183,
				0.0,
				227.21448865127692,
				0.0,
				1039.0,
				0.0,
				196.11060939725962,
				-227.21448865127692,
				0.0,
				0.0,
				0.0,
				1039.0
			],
			"source_node_id" : 2,
			"target_node_id" : 6,
			"transformation" : 
			[
				0.9994422414105012,
				0.033223018297263505,
				-0.0033818840273731055,
				0.0,
				-0.033186423287471553,
				0.9993955253314748,
				0.010355928582708507,
				0.0,
				0.0037238949689352152,
				-0.010237919839747867,
				0.99994065704101476,
				0.0,
				0.082693169652627518,
				-0.017916991908215715,
				0.036495610496021236,
				1.0
			],
			"uncertain" : true,
			"version_major" : 1,
			"version_minor" : 0
		},
		{
			"class_name" : "PoseGraphEdge",
			"confidence" : 1.0,
			"information" : 
			[
				1567.6066105548518,
				-55.682215654522338,
				-281.73934101633631,
				0.0,
				-1182.947633678539,
				170.4022067948772,
				-55.682215654522338,
				1654.648479045873,
				-232.85529910318701,
				1182.947633678539,
				0.0,
				-239.42470530351486,
				-281.73934101633631,
				-232.85529910318701,
				316.1643314017208,
				-170.4022067948772,
				239.42470530351486,
				0.0,
				0.0,
				1182.947633678539,
				-170.4022067948772,
				979.0,
				0.0,
				0.0,
				-1182.947633678539,
				0.0,
				239.42470530351486,
				0.0,
				979.0,
				0.0,
				170.4022067948772,
				-239.42470530351486,
				0.0,
				0.0,
				0.0,
				979.0
			],
			"source_node_id" : 2,
			"target_node_id" : 7,
			"transformation" : 
			[
				0.99936623389393975,
				0.0092083274546890317,
				-0.034385131352539594,
				0.0,
				-0.010588090083391496,
				0.99913705396631947,
				-0.040162665995804425,
				0.0,
				0.033985627859878673,
				0.040501285127657272,
				0.998601333366814,
				0.0,
				0.067969148078014241,
				-0.088214418711773462,
				0.062226228419854701,
				1.0
			],
			"uncertain" : true,
			"version_major" : 1,
			"version_minor" : 0
		},
		{
			"class_name" : "PoseGraphEdge",
			"confidence" : 1.0,
			"information" : 
			[
				1587.5998661134493,
				-37.82505613679136,
				-162.49678632279594,
				0.0,
				-1201.8579380606086,
				185.55417262974836,
				-37.82505613679136,
				1699.5752237637996,
				-253.54753083509132,
				1201.8579380606086,
				0.0,
				-142.40993892643687,
				-162.49678632279594,
				-253.54753083509132,
				328.67361315350331,
				-185.55417262974836,
				142.40993892643687,
				0.0,
				0.0,
				1201.8579380606086,
				-185.55417262974836,
				997.0,
				0.0,
				0.0,
				-1201.8579380606086,
				0.0,
				142.40993892643687,
				0.0,
				997.0,
				0.0,
				185.55417262974836,
				-142.40993892643687,
				0.0,
				0.0,
				0.0,
				997.0
			],
			"source_node_id" : 3,
			"target_node_id" : 4,
			"transformation" : 
			[
				0.99963381314828625,
				-0.013074872026650466,
				0.023691503373417452,
				0.0,
				0.012869776696628022,
				0.9998785554295595,
				0.0087888133367689109,
				0.0,
				-0.02380353877861166,
				-0.0084806906308595512,
				0.99968068373257524,
				0.0,
				0.049609906659809265,
				-0.016233493871823199,
				-0.003589514528958981,
				1.0
			],
			"uncertain" : false,
			"version_major" : 1,
			"version_minor" : 0
		},
		{
			"class_name" : "PoseGraphEdge",
			"confidence" : 1.0,
			"information" : 
			[
				1851.783583252545,
				-63.32980178347367,
				-267.23692712743662,
				0.0,
				-1375.5218036546071,
				243.06566028983357,
				-63.32980178347367,
				1964.3585023012013,
				-331.03613413146957,
				1375.5218036546071,
				0.0,
				-230.0154713297546,
				-267.23692712743662,
				-331.03613413146957,
				380.2083561010935,
				-243.06566028983357,
				230.0154713297546,
				0.0,
				0.0,
				1375.5218036546071,
				-243.06566028983357,
				1123.0,
				0.0,
				0.0,
				-1375.5218036546071,
				0.0,
				230.0154713297546,
				0.0,
				1123.0,
				0.0,
				243.06566028983357,
				-230.0154713297546,
				0.0,
				0.0,
				0.0,
				1123.0
			],
			"source_node_id" : 3,
			"target_node_id" : 5,
			"transformation" : 
			[
				0.99510105128675763,
				-0.086442122080507999,
				-0.047975590233025139,
				0.0,
				0.086688700229637275,
				0.99623069034130396,
				0.0030791028863924597,
				0.0,
				0.047528591189774205,
				-0.0072229600793197735,
				0.99884376249101492,
				0.0,
				-0.023418230952829799,
				0.022645558239428459,
				0.035076355576574514,
				1.0
			],
			"uncertain" : true,
			"version_major" : 1,
			"version_minor" : 0
		},
		{
			"class_name" : "PoseGraphEdge",
			"confidence" : 1.0,
			"information" : 
			[
				1771.0232946190413,
				-69.847787009704106,
				-306.51128265251708,
				0.0,
				-1320.1051784075248,
				233.56163073073009,
				-69.847787009704106,
				1879.1823288606274,
				-316.25726711672257,
				1320.1051784075248,
				0.0,
				-255.48297083438607,
				-306.51128265251708,
				-316.25726711672257,
				376.80878253604635,
				-233.56163073073009,
				255.48297083438607,
				0.0,
				0.0,
				1320.1051784075248,
				-233.56163073073009,
				1084.0,
				0.0,
				0.0,
				-1320.1051784075248,
				0.0,
				255.48297083438607,
				0.0,
				1084.0,
				0.0,
				233.56163073073009,
				-255.48297083438607,
				0.0,
				0.0,
				0.0,
				1084.0
			],
			"source_node_id" : 3,
			"target_node_id" : 6,
			"transformation" : 
			[
				0.9994417414448068,
				-0.033392372805405246,
				0.0010746609684066377,
				0.0,
				0.033406693995670603,
				0.99926453456706943,
				-0.018825056513553762,
				0.0,
				-0.00044525728722891178,
				0.018850448134823505,
				0.99982221537184579,
				0.0,
				0.083432717222987118,
				-0.024104955567980247,
				0.019590139952961216,
				1.0
			],
			"uncertain" : true,
			"version_major" : 1,
			"version_minor" : 0
		},
		{
			"class_name" : "PoseGraphEdge",
			"confidence" : 1.0,
			"information" : 
			[
				1599.5727210081188,
				-64.040012224608859,
				-302.65963389480396,
				0.0,
				-1209.2136458561456,
				187.64655961223005,
				-64.040012224608859,
				1693.998676004778,
				-250.97968910948745,
				1209.2136458561456,
				0.0,
				-259.80722320775385,
				-302.65963389480396,
				-250.97968910948745,
				334.44958476895954,
				-187.64655961223005,
				259.80722320775385,
				0.0,
				0.0,
				1209.2136458561456,
				-187.64655961223005,
				1004.0,
				0.0,
				0.0,
				-1209.2136458561456,
				0.0,
				259.80722320775385,
				0.0,
				1004.0,
				0.0,
				187.64655961223005,
				-259.80722320775385,
				0.0,
				0.0,
				0.0,
				1004.0
			],
			"source_node_id" : 3,
			"target_node_id" : 7,
			"transformation" : 
			[
				0.99552793999607692,
				-0.049312399313044541,
				-0.080575479900271266,
				0.0,
				0.042311971048638222,
				0.99536243117956535,
				-0.086390553316229968,
				0.0,
				0.084461931028999043,
				0.082594902205257392,
				0.99299761547375154,
				0.0,
				-0.01708568369365468,
				-0.12257675494351093,
				0.054872500254094403,
				1.0
			],
			"uncertain" : true,
			"version_major" : 1,
			"version_minor" : 0
		},
		{
			"class_name" : "PoseGraphEdge",
			"confidence" : 1.0,
			"information" : 
			[
				1350.6985224204413,
				-36.770561365179155,
				-171.02787256625084,
				0.0,
				-1014.1282846309222,
				162.27502804417247,
				-36.770561365179155,
				1416.4881572345096,
				-222.49491612649999,
				1014.1282846309222,
				0.0,
				-151.65616202967601,
				-171.02787256625084,
				-222.49491612649999,
				258.99022579067662,
				-162.27502804417247,
				151.65616202967601,
				0.0,
				0.0,
				1014.1282846309222,
				-162.27502804417247,
				837.0,
				0.0,
				0.0,
				-1014.1282846309222,
				0.0,
				151.65616202967601,
				0.0,
				837.0,
				0.0,
				162.27502804417247,
				-151.65616202967601,
				0.0,
				0.0,
				0.0,
				837.0
			],
			"source_node_id" : 4,
			"target_node_id" : 5,
			"transformation" : 
			[
				0.99472811247827231,
				-0.026680476447673421,
				-0.099015829148379433,
				0.0,
				0.024302029797730919,
				0.99938825869065662,
				-0.025149945108855203,
				0.0,
				0.099626269593546923,
				0.022611071796652893,
				0.99476798593395033,
				0.0,
				-0.07663628707633853,
				-0.013690918716299072,
				0.042951812931748892,
				1.0
			],
			"uncertain" : false,
			"version_major" : 1,
			"version_minor" : 0
		},
		{
			"class_name" : "PoseGraphEdge",
			"confidence" : 1.0,
			"information" : 
			[
				1793.8736557675311,
				-67.887331118683932,
				-290.2740051528516,
				0.0,
				-1345.8651247637274,
				232.82398006012116,
				-67.887331118683932,
				1893.1551958143139,
				-313.78550672198509,
				1345.8651247637274,
				0.0,
				-246.02437709113218,
				-290.2740051528516,
				-313.78550672198509,
				370.41872150150135,
				-232.82398006012116,
				246.02437709113218,
				0.0,
				0.0,
				1345.8651247637274,
				-232.82398006012116,
				1112.0,
				0.0,
				0.0,
				-1345.8651247637274,
				0.0,
				246.02437709113218,
				0.0,
				1112.0,
				0.0,
				232.82398006012116,
				-246.02437709113218,
				0.0,
				0.0,
				0.0,
				1112.0
			],
			"source_node_id" : 4,
			"target_node_id" : 6,
			"transformation" : 
			[
				0.99953583922300748,
				0.012089923959450445,
				-0.027963187361485523,
				0.0,
				-0.013554534740054164,
				0.99851342271982824,
				-0.052794121228741164,
				0.0,
				0.027283341011311163,
				0.053148644262945299,
				0.9982138252480135,
				0.0,
				0.025614933532270324,
				-0.073513010167877188,
				0.021072009008896275,
				1.0
			],
			"uncertain" : true,
			"version_major" : 1,
			"version_minor" : 0
		},
		{
			"class_name" : "PoseGraphEdge",
			"confidence" : 1.0,
			"information" : 
			[
				1697.767681822369,
				-71.500221389762814,
				-309.1650563186783,
				0.0,
				-1268.6356313843246,
				225.92244198443859,
				-71.500221389762814,
				1791.2392955229666,
				-302.24368397683173,
				1268.6356313843246,
				0.0,
				-261.28516291771359,
				-309.1650563186783,
				-302.24368397683173,
				351.0509678669672,
				-225.92244198443859,
				261.28516291771359,
				0.0,
				0.0,
				1268.6356313843246,
				-225.92244198443859,
				1043.0,
				0.0,
				0.0,
				-1268.6356313843246,
				0.0,
				261.28516291771359,
				0.0,
				1043.0,
				0.0,
				225.92244198443859,
				-261.28516291771359,
				0.0,
				0.0,
				0.0,
				1043.0
			],
			"source_node_id" : 4,
			"target_node_id" : 7,
			"transformation" : 
			[
				0.99748678652263323,
				-0.04261667968305255,
				-0.056603262499111906,
				0.0,
				0.0397544023012971,
				0.99791904931977227,
				-0.050765721726262925,
				0.0,
				0.058648940403198527,
				0.048387907761276272,
				0.99710526634456631,
				0.0,
				-0.0090576120224829804,
				-0.047983448274928092,
				0.03738673819958338,
				1.0
			],
			"uncertain" : true,
			"version_major" : 1,
			"version_minor" : 0
		},
		{
			"class_name" : "PoseGraphEdge",
			"confidence" : 1.0,
			"information" : 
			[
				1151.1823209336565,
				-28.483603274818535,
				-155.862102672736,
				0.0,
				-875.95076505922634,
				113.93644006652596,
				-28.483603274818535,
				1200.4169636678766,
				-159.43318849283139,
				875.95076505922634,
				0.0,
				-135.52912487505924,
				-155.862102672736,
				-159.43318849283139,
				213.0166497594879,
				-113.93644006652596,
				135.52912487505924,
				0.0,
				0.0,
				875.95076505922634,
				-113.93644006652596,
				731.0,
				0.0,
				0.0,
				-875.95076505922634,
				0.0,
				135.52912487505924,
				0.0,
				731.0,
				0.0,
				113.93644006652596,
				-135.52912487505924,
				0.0,
				0.0,
				0.0,
				731.0
			],
			"source_node_id" : 5,
			"target_node_id" : 6,
			"transformation" : 
			[
				0.99907926759765264,
				0.026475936151081656,
				0.033758582041715432,
				0.0,
				-0.025518136064445376,
				0.99926818802652073,
				-0.028494089386968024,
				0.0,
				-0.034488284798462027,
				0.027606397865710699,
				0.99902374596830101,
				0.0,
				0.067195220999435298,
				-0.032760436799799939,
				-0.0035500286448176574,
				1.0
			],
			"uncertain" : false,
			"version_major" : 1,
			"version_minor" : 0
		},
		{
			"class_name" : "PoseGraphEdge",
			"confidence" : 1.0,
			"information" : 
			[
				1571.1224852596483,
				-52.592683270611062,
				-263.90878752656056,
				0.0,
				-1185.5986463141744,
				180.07940771876571,
				-52.592683270611062,
				1648.9908580876868,
				-243.90028630548878,
				1185.5986463141744,
				0.0,
				-228.51922273493585,
				-263.90878752656056,
				-243.90028630548878,
				309.49514463474549,
				-180.07940771876571,
				228.51922273493585,
				0.0,
				0.0,
				1185.5986463141744,
				-180.07940771876571,
				982.0,
				0.0,
				0.0,
				-1185.5986463141744,
				0.0,
				228.51922273493585,
				0.0,
				982.0,
				0.0,
				180.07940771876571,
				-228.51922273493585,
				0.0,
				0.0,
				0.0,
				982.0
			],
			"source_node_id" : 5,
			"target_node_id" : 7,
			"transformation" : 
			[
				0.99964227378447312,
				-0.018334166954329663,
				-0.019472616288007526,
				0.0,
				0.01671436557662466,
				0.99662923119618885,
				-0.08031690674239142,
				0.0,
				0.020879522177965695,
				0.079962702851928802,
				0.99657915476204573,
				0.0,
				0.012862768665847155,
				-0.093103125760506916,
				0.019671893252286576,
				1.0
			],
			"uncertain" : true,
			"version_major" : 1,
			"version_minor" : 0
		},
		{
			"class_name" : "PoseGraphEdge",
			"confidence" : 1.0,
			"information" : 
			[
				1021.8240140910585,
				-28.614751398172743,
				-170.50326713805831,
				0.0,
				-782.23118877572017,
				94.20978266790749,
				-28.614751398172743,
				1070.6358719478751,
				-129.71848708283059,
				782.23118877572017,
				0.0,
				-149.55611174872431,
				-170.50326713805831,
				-129.71848708283059,
				194.23656473944266,
				-94.20978266790749,
				149.55611174872431,
				0.0,
				0.0,
				782.23118877572017,
				-94.20978266790749,
				656.0,
				0.0,
				0.0,
				-782.23118877572017,
				0.0,
				149.55611174872431,
				0.0,
				656.0,
				0.0,
				94.20978266790749,
				-149.55611174872431,
				0.0,
				0.0,
				0.0,
				656.0
			],
			"source_node_id" : 6,
			"target_node_id" : 7,
			"transformation" : 
			[
				0.99917391506779363,
				-0.011884938781603313,
				-0.038861750838783737,
				0.0,
				0.010217449099674042,
				0.99903017664116966,
				-0.042828844184915164,
				0.0,
				0.039333079996279774,
				0.042396395960951072,
				0.99832632662247367,
				0.0,
				-0.01495948485889362,
				-0.051614618182728396,
				0.023127755712889175,
				1.0
			],
			"uncertain" : false,
			"version_major" : 1,
			"version_minor" : 0
		}
	],
	"nodes" : 
	[
		{
			"class_name" : "PoseGraphNode",
			"pose" : 
			[
				1.0,
				0.0,
				0.0,
				0.0,
				0.0,
				1.0,
				0.0,
				0.0,
				0.0,
				0.0,
				1.0,
				0.0,
				0.0,
				0.0,
				0.0,
				1.0
			],
			"version_major" : 1,
			"version_minor" : 0
		},
		{
			"class_name" : "PoseGraphNode",
			"pose" : 
			[
				0.98776367105212459,
				0.15304984205393177,
				0.029977925160060599,
				0.0,
				-0.14960632334878995,
				0.98416331802743451,
				-0.095081604231820438,
				0.0,
				-0.044055398803017905,
				0.089433267280727105,
				0.9950179960884088,
				0.0,
				-0.031190354313798924,
				-0.036246676077239894,
				-0.029606403935543712,
				1.0
			],
			"version_major" : 1,
			"version_minor" : 0
		},
		{
			"class_name" : "PoseGraphNode",
			"pose" : 
			[
				0.99280739406907459,
				0.031289437315210333,
				0.11556145289097776,
				0.0,
				-0.032805843450232547,
				0.9993985039518779,
				0.011243083841908507,
				0.0,
				-0.115140153366648,
				-0.014953307702808342,
				0.99323670072719317,
				0.0,
				0.08142132358008955,
				0.0034310710344992749,
				-0.077624161673883252,
				1.0
			],
			"version_major" : 1,
			"version_minor" : 0
		},
		{
			"class_name" : "PoseGraphNode",
			"pose" : 
			[
				0.99521399090168317,
				-0.021679830973281036,
				0.095284296935617657,
				0.0,
				0.023431752370916603,
				0.99957564002419008,
				-0.017305861754544422,
				0.0,
				-0.094868673935989328,
				0.019455713793365002,
				0.99529965834737544,
				0.0,
				0.060709879138746134,
				-0.015199644257637597,
				-0.094033466096061516,
				1.0
			],
			"version_major" : 1,
			"version_minor" : 0
		},
		{
			"class_name" : "PoseGraphNode",
			"pose" : 
			[
				0.99740932820311978,
				-0.0092706916634769567,
				0.07133502848877149,
				0.0,
				0.011221163015854714,
				0.99957271011582316,
				-0.026990418527624637,
				0.0,
				-0.071054327904672338,
				0.02772095719497197,
				0.99708717322920359,
				0.0,
				0.011155603603659657,
				0.0015863361331742919,
				-0.094431480099785553,
				1.0
			],
			"version_major" : 1,
			"version_minor" : 0
		},
		{
			"class_name" : "PoseGraphNode",
			"pose" : 
			[
				0.98534491782206601,
				0.017831563721352351,
				0.16963911181530758,
				0.0,
				-0.017003672032629275,
				0.99983537722133053,
				-0.0063319502597364661,
				0.0,
				-0.16972409392788657,
				0.0033546671871188937,
				0.9854859096650791,
				0.0,
				0.093725941235806534,
				0.016497456811291923,
				-0.12384606508246311,
				1.0
			],
			"version_major" : 1,
			"version_minor" : 0
		},
		{
			"class_name" : "PoseGraphNode",
			"pose" : 
			[
				0.99072507373380325,
				-0.0078144862924838104,
				0.13565678043923332,
				0.0,
				0.0044112297248365857,
				0.99966840334040497,
				0.025369753943693445,
				0.0,
				-0.13581004869842578,
				-0.024536038124225636,
				0.99043102410298511,
				0.0,
				0.026816335206058195,
				0.049685022854931343,
				-0.12861436969716872,
				1.0
			],
			"version_major" : 1,
			"version_minor" : 0
		},
		{
			"class_name" : "PoseGraphNode",
			"pose" : 
			[
				0.98460989468385873,
				0.00144095221424649,
				0.17476063328839167,
				0.0,
				-0.01312561183961173,
				0.99775153667532201,
				0.06572358310276126,
				0.0,
				-0.17427298587124737,
				-0.067005930474445224,
				0.98241494882598912,
				0.0,
				0.044898661618567953,
				0.10275484015581782,
				-0.14532879594724851,
				1.0
			],
			"version_major" : 1,
			"version_minor" : 0
		}
	],
	"version_major" : 1,
	"version_minor" : 0
}