{
	"class_name" : "PoseGraph",
	"edges" : 
	[
		{
			"class_name" : "PoseGraphEdge",
			"confidence" : 1.0,
			"information" : 
			[
				13775.364460706473,
				13.798442814205959,
				-1840.5335305980254,
				0.0,
				-11439.459724469631,
				794.99455192585765,
				13.798442814205959,
				14948.238179044771,
				-1208.0413931911544,
				11439.459724469631,
				0.0,
				-1600.2049192141994,
				-1840.5335305980254,
				-1208.0413931911544,
				2644.6152230294533,
				-794.99455192585765,
				1600.2049192141994,
				0.0,
				0.0,
				11439.459724469631,
				-794.99455192585765,
				10255.0,
				0.0,
				0.0,
				-11439.459724469631,
				0.0,
				1600.2049192141994,
				0.0,
				10255.0,
				0.0,
				794.99455192585765,
				-1600.2049192141994,
				0.0,
				0.0,
				0.0,
				10255.0
			],
			"source_node_id" : 0,
			"target_node_id" : 1,
			"transformation" : 
			[
				0.98537445756250963,
				-0.16327474540847595,
				-0.048770235750730209,
				0.0,
				0.1675992901607328,
				0.9803243025616577,
				0.10428202023651117,
				0.0,
				0.030784027043304518,
				-0.11093069601687029,
				0.99335125930368506,
				0.0,
				0.030314367394551116,
				0.043962249288284572,
				0.03529697824415165,
				1.0
			],
			"uncertain" : false,
			"version_major" : 1,
			"version_minor" : 0
		},
		{
			"class_name" : "PoseGraphEdge",
			"confidence" : 0.99699886871409482,
			"information" : 
			[
				14519.003501727086,
				-393.8696338242334,
				-2083.5051703323647,
				0.0,
				-11616.956891865297,
				1665.2986373014182,
				-393.8696338242334,
				15545.18247468194,
				-2192.2288612291563,
				11616.956891865297,
				0.0,
				-1833.7593605160409,
				-2083.5051703323647,
				-2192.2288612291563,
				3027.5855518318849,
				-1665.2986373014182,
				1833.7593605160409,
				0.0,
				0.0,
				11616.956891865297,
				-1665.2986373014182,
				10154.0,
				0.0,
				0.0,
				-11616.956891865297,
				0.0,
				1833.7593605160409,
				0.0,
				10154.0,
				0.0,
				1665.2986373014182,
				-1833.7593605160409,
				0.0,
				0.0,
				0.0,
				10154.0
			],
			"source_node_id" : 0,
			"target_node_id" : 2,
			"transformation" : 
			[
				0.99155758872124133,
				-0.039152966685109251,
				-0.12361469754472068,
				0.0,
				0.041541249833813861,
				0.99899551379247442,
				0.016801428057058421,
				0.0,
				0.12283270253300931,
				-0.021794692525167022,
				0.99218804597020371,
				0.0,
				-0.077761545394553225,
				0.037665991168894401,
				0.090547380134128705,
				1.0
			],
			"uncertain" : true,
			"version_major" : 1,
			"version_minor" : 0
		},
		{
			"class_name" : "PoseGraphEdge",
			"confidence" : 0.99446394732189014,
			"information" : 
			[
				15584.91164526952,
				-421.17565188076571,
				-1955.9809406765337,
				0.0,
				-12290.26507325491,
				1657.2134835685886,
				-421.17565188076571,
				16544.543928079456,
				-2247.8478440213707,
				12290.26507325491,
				0.0,
				-1697.0775253378029,
				-1955.9809406765337,
				-2247.8478440213707,
				3014.8039330901806,
				-1657.2134835685886,
				1697.0775253378029,
				0.0,
				0.0,
				12290.26507325491,
				-1657.2134835685886,
				10558.0,
				0.0,
				0.0,
				-12290.26507325491,
				0.0,
				1697.0775253378029,
				0.0,
				10558.0,
				0.0,
				1657.2134835685886,
				-1697.0775253378029,
				0.0,
				0.0,
				0.0,
				10558.0
			],
			"source_node_id" : 0,
			"target_node_id" : 3,
			"transformation" : 
			[
				0.99409331441450643,
				0.0533319911323,
				-0.094520796432562754,
				0.0,
				-0.04853072715531865,
				0.9974468732579661,
				0.052388009598398053,
				0.0,
				0.097073429722853113,
				-0.047491407115077593,
				0.99414350849968913,
				0.0,
				-0.045058991708568363,
				0.051792900130086132,
				0.10148383681680537,
				1.0
			],
			"uncertain" : true,
			"version_major" : 1,
			"version_minor" : 0
		},
		{
			"class_name" : "PoseGraphEdge",
			"confidence" : 0.99943477090315047,
			"information" : 
			[
				15298.142906575278,
				-410.52442374194555,
				-2227.9359702228235,
				0.0,
				-12104.893068877063,
				1357.6594797314438,
				-410.52442374194555,
				16294.795012325096,
				-1903.9500374180984,
				12104.893068877063,
				0.0,
				-1849.4889895852054,
				-2227.9359702228235,
				-1903.9500374180984,
				2810.5216169667879,
				-1357.6594797314438,
				1849.4889895852054,
				0.0,
				0.0,
				12104.893068877063,
				-1357.6594797314438,
				10369.0,
				0.0,
				0.0,
				-12104.893068877063,
				0.0,
				1849.4889895852054,
				0.0,
				10369.0,
				0.0,
				1357.6594797314438,
				-1849.4889895852054,
				0.0,
				0.0,
				0.0,
				10369.0
			],
			"source_node_id" : 0,
			"target_node_id" : 4,
			"transformation" : 
			[
				0.99684009207465374,
				0.035078858638170875,
				-0.071269239572473803,
				0.0,
				-0.031329690089475268,
				0.99809976514044918,
				0.053059488741210442,
				0.0,
				0.072995077583991166,
				-0.050658982453503969,
				0.99604487155212185,
				0.0,
				-0.0019207411474185135,
				0.026446746482343911,
				0.098352802773311349,
				1.0
			],
			"uncertain" : true,
			"version_major" : 1,
			"version_minor" : 0
		},
		{
			"class_name" : "PoseGraphEdge",
			"confidence" : 0.99848598062439697,
			"information" : 
			[
				14331.576246633307,
				-427.34996532420627,
				-2298.9462625687656,
				0.0,
				-11295.377035238045,
				1178.1735393995505,
				-427.34996532420627,
				15252.599596001475,
				-1645.1149213628391,
				11295.377035238045,
				0.0,
				-1998.8760010588326,
				-2298.9462625687656,
				-1645.1149213628391,
				2606.2537196422386,
				-1178.1735393995505,
				1998.8760010588326,
				0.0,
				0.0,
				11295.377035238045,
				-1178.1735393995505,
				9607.0,
				0.0,
				0.0,
				-11295.377035238045,
				0.0,
				1998.8760010588326,
				0.0,
				9607.0,
				0.0,
				1178.1735393995505,
				-1998.8760010588326,
				0.0,
				0.0,
				0.0,
				9607.0
			],
			"source_node_id" : 0,
			"target_node_id" : 5,
			"transformation" : 
			[
				0.98471632217762561,
				0.010711348612884258,
				-0.1738362213345245,
				0.0,
				-0.0041571391523562437,
				0.99926818807641915,
				0.038023762209157104,
				0.0,
				0.17411629168759774,
				-0.036719957916150306,
				0.98404022359840404,
				0.0,
				-0.079102603362118662,
				0.021278726302045456,
				0.14420777806665791,
				1.0
			],
			"uncertain" : true,
			"version_major" : 1,
			"version_minor" : 0
		},
		{
			"class_name" : "PoseGraphEdge",
			"confidence" : 0.9983037370389144,
			"information" : 
			[
				14086.923493405531,
				-496.54216823035915,
				-2634.3329075157494,
				0.0,
				-11106.855813456054,
				1237.8731234639849,
				-496.54216823035915,
				14973.321989070968,
				-1695.3130948488274,
				11106.855813456054,
				0.0,
				-2249.0125009579833,
				-2634.3329075157494,
				-1695.3130948488274,
				2633.275417841835,
				-1237.8731234639849,
				2249.0125009579833,
				0.0,
				0.0,
				11106.855813456054,
				-1237.8731234639849,
				9467.0,
				0.0,
				0.0,
				-11106.855813456054,
				0.0,
				2249.0125009579833,
				0.0,
				9467.0,
				0.0,
				1237.8731234639849,
				-2249.0125009579833,
				0.0,
				0.0,
				0.0,
				9467.0
			],
			"source_node_id" : 0,
			"target_node_id" : 6,
			"transformation" : 
			[
				0.98909475789427137,
				0.03173873653544966,
				-0.14382006991101262,
				0.0,
				-0.031263454899654895,
				0.99949569212901068,
				0.0055639736956195063,
				0.0,
				0.14392413381296576,
				-0.0010069849460704529,
				0.98958821218095827,
				0.0,
				-0.020681221597118101,
				-0.01219086905299018,
				0.13856304929069246,
				1.0
			],
			"uncertain" : true,
			"version_major" : 1,
			"version_minor" : 0
		},
		{
			"class_name" : "PoseGraphEdge",
			"confidence" : 0.99923980504968712,
			"information" : 
			[
				13049.627564060964,
				-444.65156734792595,
				-2555.4366284528678,
				0.0,
				-10277.950999369825,
				1048.7065797907685,
				-444.65156734792595,
				13931.962231755757,
				-1425.7836294371464,
				10277.950999369825,
				0.0,
				-2214.9499522376932,
				-2555.4366284528678,
				-1425.7836294371464,
				2434.2053438260177,
				-1048.7065797907685,
				2214.9499522376932,
				0.0,
				0.0,
				10277.950999369825,
				-1048.7065797907685,
				8711.0,
				0.0,
				0.0,
				-10277.950999369825,
				0.0,
				2214.9499522376932,
				0.0,
				8711.0,
				0.0,
				1048.7065797907685,
				-2214.9499522376932,
				0.0,
				0.0,
				0.0,
				8711.0
			],
			"source_node_id" : 0,
			"target_node_id" : 7,
			"transformation" : 
			[
				0.98249917813340681,
				0.019911769363945484,
				-0.18519958533424996,
				0.0,
				-0.026293557884293217,
				0.99913981472109037,
				-0.032066796735756388,
				0.0,
				0.18440177271644143,
				0.036375157455384714,
				0.98217759806418503,
				0.0,
				-0.03570666561982936,
				-0.053860581685828447,
				0.16447242587899344,
				1.0
			],
			"uncertain" : true,
			"version_major" : 1,
			"version_minor" : 0
		},
		{
			"class_name" : "PoseGraphEdge",
			"confidence" : 1.0,
			"information" : 
			[
				15633.696449571176,
				-484.25950866652045,
				-2059.0382517956705,
				0.0,
				-12476.975306541884,
				1890.0575297668838,
				-484.25950866652045,
				16382.322843982263,
				-2456.1434782045649,
				12476.975306541884,
				0.0,
				-1798.2236620700928,
				-2059.0382517956705,
				-2456.1434782045649,
				3054.2598462243009,
				-1890.0575297668838,
				1798.2236620700928,
				0.0,
				0.0,
				12476.975306541884,
				-1890.0575297668838,
				10917.0,
				0.0,
				0.0,
				-12476.975306541884,
				0.0,
				1798.2236620700928,
				0.0,
				10917.0,
				0.0,
				1890.0575297668838,
				-1798.2236620700928,
				0.0,
				0.0,
				0.0,
				10917.0
			],
			"source_node_id" : 1,
			"target_node_id" : 2,
			"transformation" : 
			[
				0.98777251961586587,
				0.13317740167972647,
				-0.081050781449429316,
				0.0,
				-0.14123166946080437,
				0.98455759774754259,
				-0.10344057356231078,
				0.0,
				0.066023215864122325,
				0.11362269315335995,
				0.99132780580771573,
				0.0,
				-0.092932645175337752,
				-0.045460124873842607,
				0.057524683619799781,
				1.0
			],
			"uncertain" : false,
			"version_major" : 1,
			"version_minor" : 0
		},
		{
			"class_name" : "PoseGraphEdge",
			"confidence" : 0.99816800442690623,
			"information" : 
			[
				17059.30993803835,
				-425.89265663411624,
				-1586.1213647933776,
				0.0,
				-13309.782510907575,
				2113.4901939149186,
				-425.89265663411624,
				17814.647593414422,
				-2788.2661799217417,
				13309.782510907575,
				0.0,
				-1426.5976550774553,
				-1586.1213647933776,
				-2788.2661799217417,
				3079.3580974793545,
				-2113.4901939149186,
				1426.5976550774553,
				0.0,
				0.0,
				13309.782510907575,
				-2113.4901939149186,
				11330.0,
				0.0,
				0.0,
				-13309.782510907575,
				0.0,
				1426.5976550774553,
				0.0,
				11330.0,
				0.0,
				2113.4901939149186,
				-1426.5976550774553,
				0.0,
				0.0,
				0.0,
				11330.0
			],
			"source_node_id" : 1,
			"target_node_id" : 3,
			"transformation" : 
			[
				0.97895908856414982,
				0.19741526472841922,
				-0.051636384167168072,
				0.0,
				-0.19956208555021476,
				0.97905465351802989,
				-0.040335585226177952,
				0.0,
				0.042591981974308947,
				0.049791552264392941,
				0.99785105321115075,
				0.0,
				-0.070082042619797835,
				0.0033302194421464138,
				0.069998437915989933,
				1.0
			],
			"uncertain" : true,
			"version_major" : 1,
			"version_minor" : 0
		},
		{
			"class_name" : "PoseGraphEdge",
			"confidence" : 0.9967990348020338,
			"information" : 
			[
				16448.555929162572,
				-510.31569212417293,
				-2295.3956355196733,
				0.0,
				-12970.137905637157,
				1736.9757213962662,
				-510.31569212417293,
				17282.269119883189,
				-2339.445040677313,
				12970.137905637157,
				0.0,
				-1928.5412792001812,
				-2295.3956355196733,
				-2339.445040677313,
				2919.8088260140053,
				-1736.9757213962662,
				1928.5412792001812,
				0.0,
				0.0,
				12970.137905637157,
				-1736.9757213962662,
				11099.0,
				0.0,
				0.0,
				-12970.137905637157,
				0.0,
				1928.5412792001812,
				0.0,
				11099.0,
				0.0,
				1736.9757213962662,
				-1928.5412792001812,
				0.0,
				0.0,
				0.0,
				11099.0
			],
			"source_node_id" : 1,
			"target_node_id" : 4,
			"transformation" : 
			[
				0.98134717703065599,
				0.18982231814618195,
				-0.030417193617612411,
				0.0,
				-0.19094797938009264,
				0.98079427523632623,
				-0.03976756007488165,
				0.0,
				0.022284238928477498,
				0.044833884476578108,
				0.99874588134225606,
				0.0,
				-0.023398388917560929,
				-0.017164717501949842,
				0.066074417651242168,
				1.0
			],
			"uncertain" : true,
			"version_major" : 1,
			"version_minor" : 0
		},
		{
			"class_name" : "PoseGraphEdge",
			"confidence" : 0.99924644280213082,
			"information" : 
			[
				14638.091721162078,
				-546.07771641644831,
				-2557.651002311266,
				0.0,
				-11475.037187823651,
				1381.2765529998173,
				-546.07771641644831,
				15543.979279480074,
				-1881.22075446543,
				11475.037187823651,
				0.0,
				-2174.1617216681625,
				-2557.651002311266,
				-1881.22075446543,
				2735.9550554044999,
				-1381.2765529998173,
				2174.1617216681625,
				0.0,
				0.0,
				11475.037187823651,
				-1381.2765529998173,
				9733.0,
				0.0,
				0.0,
				-11475.037187823651,
				0.0,
				2174.1617216681625,
				0.0,
				9733.0,
				0.0,
				1381.2765529998173,
				-2174.1617216681625,
				0.0,
				0.0,
				0.0,
				9733.0
			],
			"source_node_id" : 1,
			"target_node_id" : 5,
			"transformation" : 
			[
				0.97595462754189666,
				0.16970406224929505,
				-0.13679581951086403,
				0.0,
				-0.17803911792298288,
				0.98269555749657289,
				-0.051102972180759182,
				0.0,
				0.12575626214534191,
				0.074229189222222505,
				0.98928023835445178,
				0.0,
				-0.10025377516349523,
				-0.033369734991845708,
				0.11579583775629351,
				1.0
			],
			"uncertain" : true,
			"version_major" : 1,
			"version_minor" : 0
		},
		{
			"class_name" : "PoseGraphEdge",
			"confidence" : 0.99719993075800828,
			"information" : 
			[
				13676.881852176268,
				-581.15876316250001,
				-2794.85324719356,
				0.0,
				-10821.120282851391,
				1216.658108871778,
				-581.15876316250001,
				14587.967869367954,
				-1639.9396113803457,
				10821.120282851391,
				0.0,
				-2345.5551872850206,
				-2794.85324719356,
				-1639.9396113803457,
				2637.5734152048931,
				-1216.658108871778,
				2345.5551872850206,
				0.0,
				0.0,
				10821.120282851391,
				-1216.658108871778,
				9253.0,
				0.0,
				0.0,
				-10821.120282851391,
				0.0,
				2345.5551872850206,
				0.0,
				9253.0,
				0.0,
				1216.658108871778,
				-2345.5551872850206,
				0.0,
				0.0,
				0.0,
				9253.0
			],
			"source_node_id" : 1,
			"target_node_id" : 6,
			"transformation" : 
			[
				0.97643613651353411,
				0.18474625402130532,
				-0.11154054390945961,
				0.0,
				-0.19523746141849549,
				0.97644829013164558,
				-0.091820860145430908,
				0.0,
				0.091950013427862659,
				0.11143409856987516,
				0.98950878556308752,
				0.0,
				-0.039393190451910788,
				-0.071709249240710149,
				0.11047404077339629,
				1.0
			],
			"uncertain" : true,
			"version_major" : 1,
			"version_minor" : 0
		},
		{
			"class_name" : "PoseGraphEdge",
			"confidence" : 0.99923070119678448,
			"information" : 
			[
				12653.143280470715,
				-518.87902663145678,
				-2717.627978052707,
				0.0,
				-10008.142156281521,
				981.59102468507206,
				-518.87902663145678,
				13570.29618805664,
				-1320.6049721015247,
				10008.142156281521,
				0.0,
				-2313.1917894075168,
				-2717.627978052707,
				-1320.6049721015247,
				2467.085376588193,
				-981.59102468507206,
				2313.1917894075168,
				0.0,
				0.0,
				10008.142156281521,
				-981.59102468507206,
				8522.0,
				0.0,
				0.0,
				-10008.142156281521,
				0.0,
				2313.1917894075168,
				0.0,
				8522.0,
				0.0,
				981.59102468507206,
				-2313.1917894075168,
				0.0,
				0.0,
				0.0,
				8522.0
			],
			"source_node_id" : 1,
			"target_node_id" : 7,
			"transformation" : 
			[
				0.97141649359612592,
				0.17698277945658122,
				-0.15819953143177015,
				0.0,
				-0.19683065069396605,
				0.97306192667381297,
				-0.12003408601408566,
				0.0,
				0.13269397468158969,
				0.14774160765901478,
				0.98008404050343134,
				0.0,
				-0.055715324641264254,
				-0.11313618282872874,
				0.13904223493433948,
				1.0
			],
			"uncertain" : true,
			"version_major" : 1,
			"version_minor" : 0
		},
		{
			"class_name" : "PoseGraphEdge",
			"confidence" : 1.0,
			"information" : 
			[
				18560.934491694268,
				-272.39757627070423,
				-1402.8756975640927,
				0.0,
				-14384.839039262402,
				2156.0561539930309,
				-272.39757627070423,
				19334.438842771422,
				-2918.3363768555864,
				14384.839039262402,
				0.0,
				-1292.1095561276147,
				-1402.8756975640927,
				-2918.3363768555864,
				3353.9885375171812,
				-2156.0561539930309,
				1292.1095561276147,
				0.0,
				0.0,
				14384.839039262402,
				-2156.0561539930309,
				12186.0,
				0.0,
				0.0,
				-14384.839039262402,
				0.0,
				1292.1095561276147,
				0.0,
				12186.0,
				0.0,
				2156.0561539930309,
				-1292.1095561276147,
				0.0,
				0.0,
				0.0,
				12186.0
			],
			"source_node_id" : 2,
			"target_node_id" : 3,
			"transformation" : 
			[
				0.99729119763512475,
				0.069297620288232137,
				0.024659824449592766,
				0.0,
				-0.070263945215878018,
				0.99669559380919059,
				0.040753788585279005,
				0.0,
				-0.021754197806328056,
				-0.042376091180540656,
				0.99886486662314167,
				0.0,
				0.02652761989545601,
				0.029608433532628171,
				0.013832331638727715,
				1.0
			],
			"uncertain" : false,
			"version_major" : 1,
			"version_minor" : 0
		},
		{
			"class_name" : "PoseGraphEdge",
			"confidence" : 0.99582167864066684,
			"information" : 
			[
				19128.794344319424,
				-316.51832808036306,
				-1633.3778910636911,
				0.0,
				-14718.11312786437,
				2075.346942469037,
				-316.51832808036306,
				20079.267416084043,
				-2880.0072587651935,
				14718.11312786437,
				0.0,
				-1428.233067988624,
				-1633.3778910636911,
				-2880.0072587651935,
				3479.3266589231544,
				-2075.346942469037,
				1428.233067988624,
				0.0,
				0.0,
				14718.11312786437,
				-2075.346942469037,
				12359.0,
				0.0,
				0.0,
				-14718.11312786437,
				0.0,
				1428.233067988624,
				0.0,
				12359.0,
				0.0,
				2075.346942469037,
				-1428.233067988624,
				0.0,
				0.0,
				0.0,
				12359.0
			],
			"source_node_id" : 2,
			"target_node_id" : 4,
			"transformation" : 
			[
				0.99630446839871323,
				0.07274204433569878,
				0.0456727625026178,
				0.0,
				-0.074867431420886296,
				0.996099899338585,
				0.046688952120377263,
				0.0,
				-0.042098384306245414,
				-0.049935814036852308,
				0.99786479069825662,
				0.0,
				0.075229283369748323,
				0.017037185466097959,
				0.012137385337135678,
				1.0
			],
			"uncertain" : true,
			"version_major" : 1,
			"version_minor" : 0
		},
		{
			"class_name" : "PoseGraphEdge",
			"confidence" : 0.99598156977009189,
			"information" : 
			[
				17833.188122224168,
				-616.77496016948157,
				-2585.734885787665,
				0.0,
				-13444.39835181303,
				2143.6036803919642,
				-616.77496016948157,
				18848.531208203374,
				-2929.5170065403672,
				13444.39835181303,
				0.0,
				-2199.0874758141053,
				-2585.734885787665,
				-2929.5170065403672,
				3445.7094691865941,
				-2143.6036803919642,
				2199.0874758141053,
				0.0,
				0.0,
				13444.39835181303,
				-2143.6036803919642,
				11053.0,
				0.0,
				0.0,
				-13444.39835181303,
				0.0,
				2199.0874758141053,
				0.0,
				11053.0,
				0.0,
				2143.6036803919642,
				-2199.0874758141053,
				0.0,
				0.0,
				0.0,
				11053.0
			],
			"source_node_id" : 2,
			"target_node_id" : 5,
			"transformation" : 
			[
				0.99812388890525472,
				0.027360228241793502,
				-0.05477335398903229,
				0.0,
				-0.025960512649144007,
				0.99932205426239606,
				0.02610524176820974,
				0.0,
				0.05545046600024664,
				-0.024634321085429029,
				0.99815750062052577,
				0.0,
				-0.0064212603257197548,
				-0.0038857252535502663,
				0.054219218578578213,
				1.0
			],
			"uncertain" : true,
			"version_major" : 1,
			"version_minor" : 0
		},
		{
			"class_name" : "PoseGraphEdge",
			"confidence" : 0.97844744831880348,
			"information" : 
			[
				12498.211731155889,
				-590.26207617736122,
				-3410.5059266099452,
				0.0,
				-9668.8514200962036,
				1672.1572877478359,
				-590.26207617736122,
				13520.917210581647,
				-2189.5759213785,
				9668.8514200962036,
				0.0,
				-2878.9998004361287,
				-3410.5059266099452,
				-2189.5759213785,
				2744.279034347886,
				-1672.1572877478359,
				2878.9998004361287,
				0.0,
				0.0,
				9668.8514200962036,
				-1672.1572877478359,
				8154.0,
				0.0,
				0.0,
				-9668.8514200962036,
				0.0,
				2878.9998004361287,
				0.0,
				8154.0,
				0.0,
				1672.1572877478359,
				-2878.9998004361287,
				0.0,
				0.0,
				0.0,
				8154.0
			],
			"source_node_id" : 2,
			"target_node_id" : 6,
			"transformation" : 
			[
				0.99714030007153232,
				0.0680190804017312,
				0.032933670833341408,
				0.0,
				-0.068694679755019694,
				0.99744052732919308,
				0.019835206442502508,
				0.0,
				-0.03150020550109655,
				-0.022040851675111505,
				0.99926069566996678,
				0.0,
				0.12866650442546718,
				-0.0090662464486962815,
				0.019248964099076112,
				1.0
			],
			"uncertain" : true,
			"version_major" : 1,
			"version_minor" : 0
		},
		{
			"class_name" : "PoseGraphEdge",
			"confidence" : 0.99273862438172833,
			"information" : 
			[
				11326.817055344758,
				-523.25175038896646,
				-2894.7322583541413,
				0.0,
				-8781.7612655936555,
				1355.3574658236673,
				-523.25175038896646,
				12308.202513143948,
				-1781.3298999616493,
				8781.7612655936555,
				0.0,
				-2492.6884913240106,
				-2894.7322583541413,
				-1781.3298999616493,
				2510.0249121042402,
				-1355.3574658236673,
				2492.6884913240106,
				0.0,
				0.0,
				8781.7612655936555,
				-1355.3574658236673,
				7407.0,
				0.0,
				0.0,
				-8781.7612655936555,
				0.0,
				2492.6884913240106,
				0.0,
				7407.0,
				0.0,
				1355.3574658236673,
				-2492.6884913240106,
				0.0,
				0.0,
				0.0,
				7407.0
			],
			"source_node_id" : 2,
			"target_node_id" : 7,
			"transformation" : 
			[
				0.99727121775671967,
				0.063056573804315577,
				-0.038392534874480133,
				0.0,
				-0.064765529949205772,
				0.99688414381424684,
				-0.045026991262255754,
				0.0,
				0.035433661459490215,
				0.047390635275270147,
				0.99824775648321828,
				0.0,
				0.077752760397177864,
				-0.091146750670178328,
				0.055287545778308737,
				1.0
			],
			"uncertain" : true,
			"version_major" : 1,
			"version_minor" : 0
		},
		{
			"class_name" : "PoseGraphEdge",
			"confidence" : 1.0,
			"information" : 
			[
				21760.195583596294,
				-686.18885318794412,
				-2986.9422712353198,
				0.0,
				-16675.534642549839,
				2526.9547747585984,
				-686.18885318794412,
				23212.285250678058,
				-3433.9931034801784,
				16675.534642549839,
				0.0,
				-2490.9301408209367,
				-2986.9422712353198,
				-3433.9931034801784,
				4339.3231769224485,
				-2526.9547747585984,
				2490.9301408209367,
				0.0,
				0.0,
				16675.534642549839,
				-2526.9547747585984,
				13924.0,
				0.0,
				0.0,
				-16675.534642549839,
				0.0,
				2490.9301408209367,
				0.0,
				13924.0,
				0.0,
				2526.9547747585984,
				-2490.9301408209367,
				0.0,
				0.0,
				0.0,
				13924.0
			],
			"source_node_id" : 3,
			"target_node_id" : 4,
			"transformation" : 
			[
				0.99965575464021272,
				-0.0082961886430508742,
				0.024890670314291142,
				0.0,
				0.0081120670103444464,
				0.9999390520719621,
				0.0074890927512544694,
				0.0,
				-0.024951284205737861,
				-0.007284599880303928,
				0.99966212693142431,
				0.0,
				0.052538943142035922,
				-0.017690484832367816,
				-0.0032749402519732657,
				1.0
			],
			"uncertain" : false,
			"version_major" : 1,
			"version_minor" : 0
		},
		{
			"class_name" : "PoseGraphEdge",
			"confidence" : 0.99504434639473649,
			"information" : 
			[
				17977.15028094234,
				-674.658236487046,
				-3149.6264296115369,
				0.0,
				-13835.355667894684,
				2059.4038272191151,
				-674.658236487046,
				19004.027327509688,
				-2773.642457830063,
				13835.355667894684,
				0.0,
				-2700.1400736613709,
				-3149.6264296115369,
				-2773.642457830063,
				3493.5554507867309,
				-2059.4038272191151,
				2700.1400736613709,
				0.0,
				0.0,
				13835.355667894684,
				-2059.4038272191151,
				11601.0,
				0.0,
				0.0,
				-13835.355667894684,
				0.0,
				2700.1400736613709,
				0.0,
				11601.0,
				0.0,
				2059.4038272191151,
				-2700.1400736613709,
				0.0,
				0.0,
				0.0,
				11601.0
			],
			"source_node_id" : 3,
			"target_node_id" : 5,
			"transformation" : 
			[
				0.99705209028830533,
				-0.026840768245451584,
				-0.071879777487925983,
				0.0,
				0.026063851125094788,
				0.99959151714272565,
				-0.011724952913910182,
				0.0,
				0.072165122574888552,
				0.0098169249919959553,
				0.99734438538924552,
				0.0,
				-0.021832221705575066,
				-0.021888728142738043,
				0.034136951879948862,
				1.0
			],
			"uncertain" : true,
			"version_major" : 1,
			"version_minor" : 0
		},
		{
			"class_name" : "PoseGraphEdge",
			"confidence" : 0.99303359159482785,
			"information" : 
			[
				14441.743898596464,
				-732.94945599473726,
				-3648.3309917635447,
				0.0,
				-11133.985139517545,
				1848.262756675045,
				-732.94945599473726,
				15525.869009439586,
				-2430.3965856005852,
				11133.985139517545,
				0.0,
				-3069.6865087411893,
				-3648.3309917635447,
				-2430.3965856005852,
				3160.1919103945393,
				-1848.262756675045,
				3069.6865087411893,
				0.0,
				0.0,
				11133.985139517545,
				-1848.262756675045,
				9377.0,
				0.0,
				0.0,
				-11133.985139517545,
				0.0,
				3069.6865087411893,
				0.0,
				9377.0,
				0.0,
				1848.262756675045,
				-3069.6865087411893,
				0.0,
				0.0,
				0.0,
				9377.0
			],
			"source_node_id" : 3,
			"target_node_id" : 6,
			"transformation" : 
			[
				0.99980033388988976,
				0.005485174897638433,
				-0.019214713373013958,
				0.0,
				-0.0062541592620877044,
				0.99917240740005708,
				-0.040191862140238628,
				0.0,
				0.018978352025115341,
				0.040304009065076973,
				0.99900721168953266,
				0.0,
				0.067407241064675646,
				-0.058404917793512902,
				0.022457492712547576,
				1.0
			],
			"uncertain" : true,
			"version_major" : 1,
			"version_minor" : 0
		},
		{
			"class_name" : "PoseGraphEdge",
			"confidence" : 0.98852281480672755,
			"information" : 
			[
				13520.684662157248,
				-510.75420887567179,
				-2662.9015139236003,
				0.0,
				-10555.142611493533,
				1291.3264284820666,
				-510.75420887567179,
				14412.628288202022,
				-1720.1571946955733,
				10555.142611493533,
				0.0,
				-2294.0382502078724,
				-2662.9015139236003,
				-1720.1571946955733,
				2592.6682710160658,
				-1291.3264284820666,
				2294.0382502078724,
				0.0,
				0.0,
				10555.142611493533,
				-1291.3264284820666,
				8890.0,
				0.0,
				0.0,
				-10555.142611493533,
				0.0,
				2294.0382502078724,
				0.0,
				8890.0,
				0.0,
				1291.3264284820666,
				-2294.0382502078724,
				0.0,
				0.0,
				0.0,
				8890.0
			],
			"source_node_id" : 3,
			"target_node_id" : 7,
			"transformation" : 
			[
				0.99597363984009135,
				-0.018241378261178432,
				-0.087771070762573455,
				0.0,
				0.0096538479767429766,
				0.99520951278804304,
				-0.097287352083567036,
				0.0,
				0.089125259959890082,
				0.096048309591177536,
				0.99137854034761275,
				0.0,
				-0.0054718094564275574,
				-0.12368713155778456,
				0.064349455868841915,
				1.0
			],
			"uncertain" : true,
			"version_major" : 1,
			"version_minor" : 0
		},
		{
			"class_name" : "PoseGraphEdge",
			"confidence" : 1.0,
			"information" : 
			[
				18432.032914004354,
				-479.48292013107078,
				-2441.5559744633024,
				0.0,
				-14000.945470254375,
				2128.7044376899962,
				-479.48292013107078,
				19264.347271639592,
				-2926.9292016283398,
				14000.945470254375,
				0.0,
				-2137.1865820462926,
				-2441.5559744633024,
				-2926.9292016283398,
				3355.3527832149307,
				-2128.7044376899962,
				2137.1865820462926,
				0.0,
				0.0,
				14000.945470254375,
				-2128.7044376899962,
				11614.0,
				0.0,
				0.0,
				-14000.945470254375,
				0.0,
				2137.1865820462926,
				0.0,
				11614.0,
				0.0,
				2128.7044376899962,
				-2137.1865820462926,
				0.0,
				0.0,
				0.0,
				11614.0
			],
			"source_node_id" : 4,
			"target_node_id" : 5,
			"transformation" : 
			[
				0.99396538283840263,
				-0.038365289122521712,
				-0.10276634813719182,
				0.0,
				0.035627057912342074,
				0.99896295344328112,
				-0.028350139195399915,
				0.0,
				0.1037474359366039,
				0.024517794322354177,
				0.99430143683802408,
				0.0,
				-0.083979133509800047,
				-0.015284075166426273,
				0.047094283319259994,
				1.0
			],
			"uncertain" : false,
			"version_major" : 1,
			"version_minor" : 0
		},
		{
			"class_name" : "PoseGraphEdge",
			"confidence" : 0.9984305758259695,
			"information" : 
			[
				18059.323125096787,
				-559.5073147730144,
				-2723.6665342983201,
				0.0,
				-13795.398941883632,
				2137.1300448688626,
				-559.5073147730144,
				18879.877378354093,
				-2885.7466474369999,
				13795.398941883632,
				0.0,
				-2327.4959556397021,
				-2723.6665342983201,
				-2885.7466474369999,
				3296.9959307481849,
				-2137.1300448688626,
				2327.4959556397021,
				0.0,
				0.0,
				13795.398941883632,
				-2137.1300448688626,
				11482.0,
				0.0,
				0.0,
				-13795.398941883632,
				0.0,
				2327.4959556397021,
				0.0,
				11482.0,
				0.0,
				2137.1300448688626,
				-2327.4959556397021,
				0.0,
				0.0,
				0.0,
				11482.0
			],
			"source_node_id" : 4,
			"target_node_id" : 6,
			"transformation" : 
			[
				0.99739874112850735,
				-0.0041447403180925853,
				-0.07196229792721244,
				0.0,
				0.00019726679902782004,
				0.99849868101377992,
				-0.05477540597342228,
				0.0,
				0.072081289396620049,
				0.054618725190531923,
				0.99590214508127339,
				0.0,
				-0.024364857278228097,
				-0.049401512665458655,
				0.040751823063241863,
				1.0
			],
			"uncertain" : true,
			"version_major" : 1,
			"version_minor" : 0
		},
		{
			"class_name" : "PoseGraphEdge",
			"confidence" : 0.99935096596794881,
			"information" : 
			[
				15147.546617922422,
				-398.58659699682391,
				-2345.5580240133659,
				0.0,
				-11582.326781027858,
				1526.4913846259255,
				-398.58659699682391,
				15851.327435554906,
				-2098.8360672237218,
				11582.326781027858,
				0.0,
				-2045.8029838233203,
				-2345.5580240133659,
				-2098.8360672237218,
				2721.0588248247127,
				-1526.4913846259255,
				2045.8029838233203,
				0.0,
				0.0,
				11582.326781027858,
				-1526.4913846259255,
				9621.0,
				0.0,
				0.0,
				-11582.326781027858,
				0.0,
				2045.8029838233203,
				0.0,
				9621.0,
				0.0,
				1526.4913846259255,
				-2045.8029838233203,
				0.0,
				0.0,
				0.0,
				9621.0
			],
			"source_node_id" : 4,
			"target_node_id" : 7,
			"transformation" : 
			[
				0.99369917951362163,
				-0.016062123474527634,
				-0.11092316630641402,
				0.0,
				0.0060445691415571138,
				0.99591772956174796,
				-0.09006297312697556,
				0.0,
				0.11191695053853236,
				0.088825019752693218,
				0.98973971934448213,
				0.0,
				-0.041430445700700452,
				-0.091958702811579404,
				0.067425102950476171,
				1.0
			],
			"uncertain" : true,
			"version_major" : 1,
			"version_minor" : 0
		},
		{
			"class_name" : "PoseGraphEdge",
			"confidence" : 1.0,
			"information" : 
			[
				19906.931180783238,
				-679.45499837425859,
				-3247.0442361971855,
				0.0,
				-15083.242355922099,
				2253.0492341993577,
				-679.45499837425859,
				20942.808616205177,
				-3098.0055488940366,
				15083.242355922099,
				0.0,
				-2761.8651077800764,
				-3247.0442361971855,
				-3098.0055488940366,
				3888.2060921874049,
				-2253.0492341993577,
				2761.8651077800764,
				0.0,
				0.0,
				15083.242355922099,
				-2253.0492341993577,
				12507.0,
				0.0,
				0.0,
				-15083.242355922099,
				0.0,
				2761.8651077800764,
				0.0,
				12507.0,
				0.0,
				2253.0492341993577,
				-2761.8651077800764,
				0.0,
				0.0,
				0.0,
				12507.0
			],
			"source_node_id" : 5,
			"target_node_id" : 6,
			"transformation" : 
			[
				0.9989948080751555,
				0.031243396819775532,
				0.0321437955763006,
				0.0,
				-0.030422354957096449,
				0.9992061020648737,
				-0.025722478791671353,
				0.0,
				-0.032921934295441761,
				0.0247187328050123,
				0.99915220586793341,
				0.0,
				0.066395438517908245,
				-0.031067169871988754,
				-0.0026392801820708999,
				1.0
			],
			"uncertain" : false,
			"version_major" : 1,
			"version_minor" : 0
		},
		{
			"class_name" : "PoseGraphEdge",
			"confidence" : 0.996831947620337,
			"information" : 
			[
				17615.647020353685,
				-664.60855189274491,
				-3295.1148101620365,
				0.0,
				-13376.179582256156,
				1834.2006683601828,
				-664.60855189274491,
				18653.911267134416,
				-2511.8730807906932,
				13376.179582256156,
				0.0,
				-2811.169755097374,
				-3295.1148101620365,
				-2511.8730807906932,
				3516.2124585349075,
				-1834.2006683601828,
				2811.169755097374,
				0.0,
				0.0,
				13376.179582256156,
				-1834.2006683601828,
				11074.0,
				0.0,
				0.0,
				-13376.179582256156,
				0.0,
				2811.169755097374,
				0.0,
				11074.0,
				0.0,
				1834.2006683601828,
				-2811.169755097374,
				0.0,
				0.0,
				0.0,
				11074.0
			],
			"source_node_id" : 5,
			"target_node_id" : 7,
			"transformation" : 
			[
				0.99965665585625219,
				0.024001542955617617,
				-0.010511723837884896,
				0.0,
				-0.024588557482166516,
				0.99790620714160017,
				-0.05982143921048115,
				0.0,
				0.0090539076227064696,
				0.060059367995482435,
				0.99815374520799249,
				0.0,
				0.047872684593071729,
				-0.072468616869493907,
				0.019976209350102206,
				1.0
			],
			"uncertain" : true,
			"version_major" : 1,
			"version_minor" : 0
		},
		{
			"class_name" : "PoseGraphEdge",
			"confidence" : 1.0,
			"information" : 
			[
				17880.651762474277,
				-645.33751241371658,
				-3304.9882877878777,
				0.0,
				-13609.366892378222,
				1777.2047875680198,
				-645.33751241371658,
				18872.457602477934,
				-2448.6229195512556,
				13609.366892378222,
				0.0,
				-2817.069451480535,
				-3304.9882877878777,
				-2448.6229195512556,
				3505.685173931704,
				-1777.2047875680198,
				2817.069451480535,
				0.0,
				0.0,
				13609.366892378222,
				-1777.2047875680198,
				11295.0,
				0.0,
				0.0,
				-13609.366892378222,
				0.0,
				2817.069451480535,
				0.0,
				11295.0,
				0.0,
				1777.2047875680198,
				-2817.069451480535,
				0.0,
				0.0,
				0.0,
				11295.0
			],
			"source_node_id" : 6,
			"target_node_id" : 7,
			"transformation" : 
			[
				0.99913140169776027,
				-0.0086273045069743728,
				-0.040767778433628277,
				0.0,
				0.0070831406901150362,
				0.99925753796636996,
				-0.037870858656222812,
				0.0,
				0.041064233335513685,
				0.037549200182421222,
				0.99845069297698419,
				0.0,
				-0.018779992638563552,
				-0.045953772818282015,
				0.024782208683695052,
				1.0
			],
			"uncertain" : false,
			"version_major" : 1,
			"version_minor" : 0
		}
	],
	"nodes" : 
	[
		{
			"class_name" : "PoseGraphNode",
			"pose" : 
			[
				0.99999999999999978,
				4.4723339615027058e-19,
				-8.6736173798840355e-19,
				0.0,
				4.6078592330633938e-19,
				0.99999999999999989,
				0.0,
				0.0,
				0.0,
				0.0,
				0.99999999999999989,
				0.0,
				1.7347234759768071e-18,
				0.0,
				2.1684043449710089e-19,
				1.0
			],
			"version_major" : 1,
			"version_minor" : 0
		},
		{
			"class_name" : "PoseGraphNode",
			"pose" : 
			[
				0.98647515312794132,
				0.1607880052761817,
				0.031843203678596776,
				0.0,
				-0.15611399738716494,
				0.98085455733671911,
				-0.11641630973192013,
				0.0,
				-0.049951897671762578,
				0.10987062715350716,
				0.99268990788054134,
				0.0,
				-0.017817804963274092,
				-0.05740384123512661,
				-0.031317517517727114,
				1.0
			],
			"version_major" : 1,
			"version_minor" : 0
		},
		{
			"class_name" : "PoseGraphNode",
			"pose" : 
			[
				0.99172195517016426,
				0.034092472280166881,
				0.12379526229745234,
				0.0,
				-0.033090612071161353,
				0.99940091010500898,
				-0.010140624933796366,
				0.0,
				-0.12406681678122104,
				0.0059602193850585225,
				0.99225596534293825,
				0.0,
				0.092667195634286145,
				-0.022676688891110457,
				-0.080098643675834358,
				1.0
			],
			"version_major" : 1,
			"version_minor" : 0
		},
		{
			"class_name" : "PoseGraphNode",
			"pose" : 
			[
				0.99423599057649514,
				-0.037037486543097881,
				0.10061321798327599,
				0.0,
				0.042058122795897941,
				0.99794963224077182,
				-0.048245681852337879,
				0.0,
				-0.098620025092601815,
				0.05219919636432796,
				0.99375516831342148,
				0.0,
				0.061853736934756071,
				-0.057090895908244926,
				-0.095422288990209062,
				1.0
			],
			"version_major" : 1,
			"version_minor" : 0
		},
		{
			"class_name" : "PoseGraphNode",
			"pose" : 
			[
				0.99666810264746875,
				-0.034653965542255541,
				0.073836277244362133,
				0.0,
				0.038799916916454576,
				0.99770583224034037,
				-0.055476470335610303,
				0.0,
				-0.071744404746197532,
				0.058156469853471907,
				0.99572614980314234,
				0.0,
				0.0083887959066250295,
				-0.03843472015234832,
				-0.096507141573879185,
				1.0
			],
			"version_major" : 1,
			"version_minor" : 0
		},
		{
			"class_name" : "PoseGraphNode",
			"pose" : 
			[
				0.98489955581883137,
				0.00047409963007284759,
				0.17312608173647062,
				0.0,
				0.0055055897920656049,
				0.99940470473107801,
				-0.0340576664266466,
				0.0,
				-0.17303916732613961,
				0.034496541724177703,
				0.98431063957478904,
				0.0,
				0.098771276164000291,
				-0.025618467231448647,
				-0.12770031292083825,
				1.0
			],
			"version_major" : 1,
			"version_minor" : 0
		},
		{
			"class_name" : "PoseGraphNode",
			"pose" : 
			[
				0.99021130346953801,
				-0.031656014230669285,
				0.13593921893329414,
				0.0,
				0.032374023751326718,
				0.99947109723274519,
				-0.0030738221353044659,
				0.0,
				-0.13577001534696434,
				0.0074446329257156184,
				0.99071241052753134,
				0.0,
				0.026685919973074401,
				0.0085189559941909118,
				-0.13171420565403782,
				1.0
			],
			"version_major" : 1,
			"version_minor" : 0
		},
		{
			"class_name" : "PoseGraphNode",
			"pose" : 
			[
				0.98320820644693929,
				-0.023994756539679862,
				0.18090294202693802,
				0.0,
				0.017662782860879151,
				0.99917636937187049,
				0.036532300645435306,
				0.0,
				-0.1816305284829895,
				-0.032723608411064205,
				0.98282222022883758,
				0.0,
				0.059220198271973938,
				0.058583450153822811,
				-0.15170753481015337,
				1.0
			],
			"version_major" : 1,
			"version_minor" : 0
		}
	],
	"version_major" : 1,
	"version_minor" : 0
}